957342121516478555
957342131129839757
957342103480987678
957342169583206411
957342195550142494
957347017363951678
957347015199711242
957342176264716308
957347030299213904
957347026209763388
957342137928810577
957347035340767363
957342167498649680
957342102214307850
957342151262494730
957342173127401564
957342178458357770
957347010577567774
957342206648266832
957346995947859978
957346979829137418
957342139908501515
957347033956642867
957342132958539796
957342146921398373
957342117485772861
957342085722292325
957342089748811816
957347007754817566
852312486349766716
957342214483214426
957347002218340352
957342143985365032
957342087999803462
957347037622435890
922530789231583272
957342128755855420
957342134158123038
924590565134327828
957342188050731029
957342135672242278
957342181943816250
957346994869911552
957347031620403210
957342107457192026
957347004130938880
957347006022561865
957346975458676858
957342123672354836
957346997894004826
957346990428160040
957347024385220649
957342199727677490
938834995789824011
957347012255289414
957342154018156544
957342210410577930
957342111752151090
957346981691392010
957342148896915456
957346999827578932
957342146137043064
861005641095053322
957346973818695680
957342190663786637
957342184003215420
957342120337879110
957342156975124530
957346992311398401
921207882047967252
957342109269127228
957342105682968576
957342212352516186
957342180526133268
957342097793503233
957346986229628968
957342093158801458
957342091296538744
957342095180451964
957347019133964399
860813914072940554
957346988423266386
957342141892395038
957346978675707986
957342186062639216
957342115707359262
957342165640564757
918302939175616604
957342126042152971
957342174423433226
957342171172851825
957346984266719242
957342160292831282
957342163321098301
957347027656790077
957342113517932584
838531375879290920
957342083524485131
